all_gather
0	0	0	0	0
32	0	0	0	0
64	0	0	0	0
128	0	0	0	0
256	0	0.01	0.01	0
512	0.01	0.02	0.01	0.01
1024	0.02	0.03	0.03	0.02
2048	0.03	0.06	0.06	0.03
4096	0.07	0.12	0.11	0.07
8192	0.13	0.24	0.22	0.13
16384	0.25	0.42	0.40	0.27
32768	0.49	0.78	0.76	0.49
65536	0.93	1.27	1.45	0.96
131072	1.52	1.67	2.21	1.87
262144	2.32	2.54	2.51	3.58
524288	4.53	4.95	4.94	4.50
1048576	7.52	9.83	9.57	4.92
2097152	9.82	16.73	19.46	16.90
4194304	15.24	22.52	32.49	32.33
8388608	17.36	28.59	47.16	54.11
16777216	18.42	29.44	61.82	79.85
33554432	15.75	32.72	74.30	99.52
67108864	16.86	32.97	78.15	112.98
134217728	17.36	34.42	85.07	117.54
268435456	17.66	35.10	86.48	118.94
536870912	17.76	35.45	88.41	121.46
1073741824	17.81	35.53	88.96	122.76

all_reduce
8	0	0	0	0
16	0	0	0	0
32	0	0	0	0
64	0	0	0	0
128	0	0.01	0.01	0.01
256	0.01	0.01	0.01	0.01
512	0.02	0.03	0.03	0.02
1024	0.04	0.05	0.05	0.05
2048	0.07	0.10	0.10	0.09
4096	0.13	0.16	0.16	0.17
8192	0.24	0.35	0.38	0.29
16384	0.40	0.69	0.72	0.64
32768	0.52	1.12	1.29	1.19
65536	0.52	1.41	2.02	1.73
131072	2.02	2.54	3.23	2.96
262144	3.10	5.25	5.54	4.92
524288	5.82	9.73	9.75	7.27
1048576	9.44	15.16	16.22	12.57
2097152	12.50	22.11	25.84	20.90
4194304	15.31	32.51	38.35	30.30
8388608	16.18	41.35	53.98	44.69
16777216	16.67	50.56	66.07	60.90
33554432	17.59	46.25	77.29	106.94
67108864	17.57	34.62	82.54	117.69
134217728	17.72	35.22	87.02	119.87
268435456	17.78	35.44	90.17	121.62
536870912	17.83	35.54	92.41	122.90
1073741824	17.84	35.60	93.73	123.60

alltoall
0	0	0	0	0
8	0	0	0	0
16	0	0	0	0
32	0	0	0	0
64	0	0	0	0
128	0	0	0	0
256	0	0.01	0.01	0
512	0.01	0.01	0.01	0.01
1024	0.02	0.02	0.02	0.02
2048	0.03	0.05	0.05	0.04
4096	0.06	0.09	0.09	0.08
8192	0.12	0.17	0.19	0.16
16384	0.25	0.33	0.37	0.30
32768	0.48	0.72	0.70	0.63
65536	0.91	1.37	1.48	1.22
131072	1.58	2.55	2.87	2.53
262144	2.55	4.51	5.22	4.82
524288	3.95	6.89	8.39	8.68
1048576	5.49	10.32	12.95	13.77
2097152	6.97	14	16.31	17.29
4194304	9.10	16.95	21.24	21.11
8388608	10.32	20.10	22.95	25.51
16777216	11.21	21.85	25.36	26.78
33554432	11.66	22.87	25.89	28.22
67108864	11.89	23.48	25.96	28.68
134217728	12.57	23.70	26.01	28.97
268435456	12.70	23.95	26.27	29.14
536870912	12.74	24.11	26.42	29.02
1073741824	12.86	24.12	26.36	29.07

alltoallv
0	0	0	0	0
8	0	0	0	0
16	0	0	0	0
32	0	0	0	0
64	0	0	0	0
128	0	0	0	0
256	0	0	0	0
512	0	0	0	0
1024	0	0	0	0
2048	0	0	0	0
4096	0	0	0	0
8192	0	0	0	0
16384	0	0	0	0
32768	0	0	0	0
65536	0	0	0	0
131072	0	0	0	0
262144	0	0	0	0
524288	0	0	0	0
1048576	0	0	0	0
2097152	0	0	0	0
4194304	0	0	0	0
8388608	0	0	0	0
16777216	0	0	0	0
33554432	0	0	0	0
67108864	0	0	0	0
134217728	0	0	0	0
268435456	0	0	0	0
536870912	0	0	0	0
1073741824	0	0	0	0

broadcast
8	0	0	0	0
16	0	0	0	0
32	0	0	0	0
64	0	0	0	0
128	0.01	0.01	0.01	0.01
256	0.02	0.01	0.01	0.01
512	0.04	0.03	0.03	0.03
1024	0.08	0.05	0.05	0.05
2048	0.15	0.11	0.10	0.10
4096	0.20	0.21	0.21	0.20
8192	0.39	0.41	0.40	0.39
16384	0.81	0.84	0.82	0.79
32768	1.56	1.55	1.50	1.45
65536	2.55	2.44	2.42	2.30
131072	3.67	3.34	3.41	3.34
262144	4.68	4.12	4.20	4.22
524288	7.61	6.23	6.30	6.26
1048576	23.37	15.83	15.67	12.01
2097152	27.53	24.28	22.42	20.19
4194304	29.54	30.69	31.34	31.69
8388608	43.93	37.21	44.27	46.84
16777216	40.58	34.04	52.87	63.87
33554432	44.52	35.21	64.90	79.56
67108864	43.75	34.99	69.54	96.18
134217728	45.62	35.58	79.24	102.36
268435456	45.38	35.45	83	112
536870912	45.31	35.40	85.14	116.98
1073741824	45.41	35.39	86.69	120.44

gather
0	0	0	0	0
8	0	0	0	0
16	0	0	0	0
32	0	0	0	0
64	0	0	0	0
128	0	0.01	0.01	0.01
256	0.01	0.01	0.01	0.01
512	0.01	0.02	0.03	0.02
1024	0.03	0.04	0.05	0.05
2048	0.05	0.08	0.10	0.10
4096	0.11	0.17	0.20	0.19
8192	0.21	0.35	0.41	0.38
16384	0.42	0.66	0.80	0.78
32768	0.83	1.32	1.58	1.52
65536	1.61	2.61	3.11	3.05
131072	2.92	5.08	6.13	6.16
262144	4.33	9.20	11.88	11.96
524288	9.46	13.75	20.78	23.26
1048576	15.97	28.76	30.60	38.94
2097152	23.63	46.46	58.67	55.22
4194304	27.50	65.31	82.47	90.69
8388608	29.51	75.39	96	104.61
16777216	45.08	76.21	96.42	104.21
33554432	45.60	72.18	96.42	107.67
67108864	45.49	68.23	89.20	97.86
134217728	45.50	68.27	82.73	70.21
268435456	45.57	67.17	83.56	90.38
536870912	45.57	67.82	82.60	91.10
1073741824	45.52	65.98	76.55	75.08

reduce
8	0	0	0	0
16	0	0	0	0
32	0	0	0	0
64	0	0	0	0
128	0.01	0.01	0.01	0.01
256	0.02	0.01	0.01	0.01
512	0.04	0.03	0.03	0.03
1024	0.08	0.05	0.05	0.05
2048	0.15	0.10	0.10	0.10
4096	0.20	0.21	0.21	0.20
8192	0.39	0.40	0.41	0.40
16384	0.84	0.82	0.84	0.82
32768	1.64	1.52	1.55	1.46
65536	2.68	2.33	2.46	2.31
131072	3.76	3.24	3.39	3.38
262144	4.76	3.99	4.11	4.19
524288	7.90	6.10	6.23	6.31
1048576	23.34	16.84	15.03	11.62
2097152	26.67	24.18	21.91	20.09
4194304	28.61	30.55	30.24	31.62
8388608	44.93	35.83	44.17	46.75
16777216	42.26	34.01	52.17	64.63
33554432	45.07	35.16	65.20	80.85
67108864	44.52	34.87	70.52	96.63
134217728	45.65	35.44	80.63	102.64
268435456	45.68	35.34	83.90	112.02
536870912	45.61	35.33	86.10	117.48
1073741824	45.57	35.35	87.92	120.41

reduce_scatter
0	0	0	0	0
32	0	0	0	0
64	0	0	0	0
128	0	0	0	0
256	0	0.01	0.01	0
512	0.01	0.02	0.01	0.01
1024	0.02	0.03	0.03	0.02
2048	0.03	0.06	0.06	0.04
4096	0.06	0.12	0.11	0.08
8192	0.13	0.24	0.22	0.15
16384	0.25	0.42	0.43	0.30
32768	0.48	0.80	0.80	0.59
65536	0.90	1.29	1.49	1.12
131072	1.51	1.66	2.28	2.10
262144	2.28	2.54	2.52	3.77
524288	4.48	5.08	5.11	4.53
1048576	7.29	9.90	10.12	4.84
2097152	9.87	16.70	19.50	16.67
4194304	14.56	22.77	32.54	31.96
8388608	18.21	28.54	49.38	53.60
16777216	18.24	29.87	65.09	78.31
33554432	16.56	32.29	76.82	99.82
67108864	17.05	33.23	81.97	113.47
134217728	17.44	34.55	88.19	116.47
268435456	17.73	35.10	88.99	118.98
536870912	17.76	35.46	89.45	121.43
1073741824	17.81	35.54	89.68	122.79

scatter
0	0	0	0	0
8	0	0	0	0
16	0	0	0	0
32	0	0	0	0
64	0	0	0	0
128	0	0	0.01	0
256	0.01	0.01	0.01	0.01
512	0.01	0.02	0.02	0.02
1024	0.03	0.04	0.04	0.03
2048	0.05	0.07	0.09	0.06
4096	0.11	0.14	0.18	0.14
8192	0.21	0.28	0.36	0.24
16384	0.42	0.56	0.70	0.47
32768	0.82	1.09	1.41	1.36
65536	1.61	2.20	2.79	1.85
131072	2.96	4.18	5.65	3.81
262144	4.40	7.80	10.89	7.59
524288	9.53	11.90	19.87	19.69
1048576	15.42	26.27	29.28	38.90
2097152	22.98	49.81	58.71	56.59
4194304	26.65	78.98	93.01	95.26
8388608	28.48	107.95	120.64	121.05
16777216	28.93	108.56	121.12	108.25
33554432	29.17	125.51	141.93	122.87
67108864	29.32	126.99	153.78	122.91
134217728	29.17	129.95	153.70	140.41
268435456	29.01	98.35	154.90	149.64
536870912	29.03	76.97	127.60	152.14
1073741824	29	69.64	118.16	103.19

sendrecv
8	0	0	0	0
16	0	0	0	0
32	0	0	0	0
64	0	0	0	0
128	0	0.01	0.01	0.01
256	0.01	0.01	0.01	0.01
512	0.02	0.02	0.03	0.03
1024	0.03	0.04	0.05	0.05
2048	0.06	0.09	0.10	0.10
4096	0.12	0.17	0.20	0.20
8192	0.25	0.32	0.35	0.36
16384	0.50	0.64	0.74	0.76
32768	0.93	1.26	1.32	1.43
65536	1.62	2.23	2.46	2.55
131072	2.63	3.58	3.88	4.02
262144	4.70	6.43	7.59	7.85
524288	8.09	10.65	14.21	11.29
1048576	12.21	15.03	20.60	18.26
2097152	16.84	17.18	25.79	29.18
4194304	18.60	16.43	34.85	38.84
8388608	17.82	14.82	42.04	43.90
16777216	17.85	15.48	43.34	45.21
33554432	17.49	16.16	44.27	46.36
67108864	17.85	16.06	43.80	46.67
134217728	17.75	16.01	41.61	43.58
268435456	17.76	15.97	37.70	39.38
536870912	17.79	15.86	35.73	37.34
1073741824	17.71	15.79	35.10	36.74

