all_reduce
4	0	0	0	0
8	0	0	0	0
16	0	0	0	0
32	0	0	0	0
64	0	0	0	0
128	0	0.01	0.01	0.01
256	0.01	0.01	0.01	0.01
512	0.02	0.02	0.03	0.02
1024	0.04	0.05	0.05	0.05
2048	0.07	0.1	0.1	0.09
4096	0.13	0.16	0.18	0.16
8192	0.24	0.35	0.37	0.33
16384	0.41	0.61	0.72	0.64
32768	0.51	1.03	1.31	1.19
65536	0.5	1.33	2.01	1.7
131072	1.76	2.44	3.62	2.78
262144	2.85	4.46	5.79	4.97
524288	5.28	8.26	8.61	7.6
1048576	8.37	12.71	14.78	12.14
2097152	11.71	18.56	22.94	20.45
4194304	13.92	23.8	34.44	31.09
8388608	15.03	27.38	49.39	45.88
16777216	15.57	31.01	62.23	61.38
33554432	16.9	36.34	70.08	104.56
67108864	17.19	45.31	79.37	117.04
134217728	17.42	45.96	84.66	120.2
268435456	17.59	46.22	88.73	121.34
536870912	17.74	46.33	92.5	122.81
1073741824	17.8	46.43	93.97	123.46
2147483648	17.8    46.5	94.77	123.85
4294967296	17.8	46.5    95.11	124.24
8589934592	17.8	46.5	95.11	124.37
17179869184	17.8	46.5	95.11	124.4
all_gather
4	0	0	0	0
8	0	0	0	0
16	0	0	0	0
32	0	0	0	0
64	0	0	0	0
128	0	0	0	0
256	0	0.01	0.01	0
512	0.01	0.02	0.01	0.01
1024	0.01	0.03	0.03	0.02
2048	0.03	0.06	0.05	0.03
4096	0.06	0.12	0.11	0.07
8192	0.12	0.23	0.21	0.13
16384	0.23	0.43	0.39	0.27
32768	0.43	0.72	0.75	0.48
65536	0.79	0.85	1.44	0.91
131072	1.33	1.45	2.2	1.78
262144	1.92	1.93	2.45	3.5
524288	3.91	3.82	3.63	4.48
1048576	6.94	7.52	7.6	4.81
2097152	9.57	14.46	13.86	13.72
4194304	11.88	21.88	25.87	27.06
8388608	13.53	29.18	38.93	47.55
16777216	14.1	33.57	53.22	73.16
33554432	15.47	38.94	65.2	95.75
67108864	16.52	42.6	75.23	111.61
134217728	17.1	44.11	82.35	117.58
268435456	17.47	45.36	85.84	118.43
536870912	17.67	45.91	88.03	121.1
1073741824	17.77	46.15	89.57	122.53
2147483648	17.77	46.32	90.36	123.32
4294967296	17.77	46.32	90.82	123.63
8589934592	17.77	46.32	90.82	124.13
17179869184	17.77	46.32	90.82	124.21
reduce_scatter
4	0	0	0	0
8	0	0	0	0
16	0	0	0	0
32	0	0	0	0
64	0	0	0	0
128	0	0	0	0
256	0	0.01	0.01	0
512	0.01	0.02	0.01	0.01
1024	0.01	0.03	0.03	0.02
2048	0.03	0.06	0.06	0.04
4096	0.06	0.12	0.11	0.08
8192	0.11	0.22	0.22	0.15
16384	0.22	0.43	0.42	0.3
32768	0.42	0.74	0.65	0.58
65536	0.75	0.84	1.43	1.08
131072	1.29	1.41	2.22	1.98
262144	1.86	1.91	2.39	3.59
524288	3.74	3.77	3.6	4.43
1048576	6.79	7.49	7.21	4.75
2097152	9.44	14.13	14.78	13.59
4194304	11.96	21.67	25.69	26.71
8388608	13.72	29.33	39.92	47.44
16777216	14.73	37.33	54.54	72.84
33554432	15.93	41.16	72.15	96.72
67108864	16.61	44.64	77.7	112.31
134217728	17.28	45.49	85.76	116.67
268435456	17.54	45.99	88.15	118.72
536870912	17.7	46.33	89.75	121.25
1073741824	17.78	46.46	90.6	122.75
2147483648	17.78	46.53	91.31	123.42
4294967296	17.78	46.53	91.43	123.97
8589934592	17.78	46.53	91.43	124.08
17179869184	17.78	46.53	91.43	124.29
all_to_all
0	0	0	0
8	0	0	0
16	0	0	0
32	0	0	0
64	0	0	0
128	0.01	0.01	0.01
256	0.01	0.01	0.02
512	0.02	0.03	0.03
1024	0.04	0.06	0.06
2048	0.09	0.12	0.12
4096	0.16	0.24	0.24
8192	0.26	0.46	0.50
16384	0.38	0.76	0.93
32768	0.50	1.13	1.75
65536	1	1.49	2.61
131072	2.01	2.97	3.44
262144	7.09	5.89	6.84
524288	11.95	18.50	12.66
1048576	17.77	29.48	29.38
2097152	24.74	42.49	44.18
4194304	30.84	57.98	57.71
8388608	35.29	71.94	73.66
16777216	38.25	80.88	85.19
33554432	39.93	88.67	90.69
67108864	40.88	94.40	96.89
134217728	41.36	98.60	100.32
268435456	41.58	100.61	102.38
536870912	41.74	101.95	103.57
1073741824	41.79	102.64	104.15
reduce
4	0	0	0	0
8	0	0	0	0
16	0	0	0	0
32	0	0	0	0
64	0	0	0	0
128	0.01	0.01	0.01	0.01
256	0.02	0.01	0.01	0.01
512	0.03	0.03	0.02	0.02
1024	0.07	0.06	0.05	0.05
2048	0.14	0.12	0.09	0.09
4096	0.18	0.17	0.19	0.19
8192	0.38	0.36	0.37	0.37
16384	0.79	0.73	0.73	0.71
32768	1.5	1.35	1.37	1.34
65536	2.45	2.08	2.17	2.14
131072	3.41	2.88	2.97	3.07
262144	4.47	3.85	3.71	3.92
524288	7.52	5.77	5.9	5.99
1048576	18.69	15.55	13.14	10.24
2097152	20.73	17.06	19.28	17.86
4194304	22.38	19.15	24.89	27.85
8388608	40.25	30.81	38.05	43.44
16777216	37.54	34.65	44.69	61.05
33554432	45.14	42.91	58.22	78.39
67108864	44.57	42.74	67.43	94.99
134217728	45.76	45.95	78.69	101.92
268435456	45.73	45.94	83.54	111.75
536870912	45.68	45.91	86.43	117.25
1073741824	45.65	45.85	87.79	120.31
2147483648	45.65	45.87	89.01	121.79
4294967296	45.65	45.87	89.46	122.69
8589934592	45.65	45.87	89.46	123.26
17179869184	45.65	45.87	89.46	123.38
broadcast
4	0	0	0	0
8	0	0	0	0
16	0	0	0	0
32	0	0	0	0
64	0	0	0	0
128	0.01	0.01	0.01	0.01
256	0.02	0.02	0.01	0.01
512	0.04	0.03	0.02	0.02
1024	0.07	0.07	0.05	0.05
2048	0.14	0.13	0.1	0.09
4096	0.18	0.18	0.18	0.18
8192	0.38	0.38	0.37	0.37
16384	0.74	0.75	0.73	0.71
32768	1.47	1.43	1.36	1.32
65536	2.4	2.26	2.19	2.13
131072	3.47	3.08	3.06	3.07
262144	4.66	3.89	3.83	3.98
524288	7.54	5.95	6	5.96
1048576	18.26	18.93	13.73	10.7
2097152	20.74	20.88	19.58	18.14
4194304	22.21	22.37	25.25	28.44
8388608	39.99	39.59	38.45	43.41
16777216	39.18	38	46.3	59.73
33554432	44.55	43.23	59.89	76.11
67108864	44.1	43.32	68.49	93.49
134217728	45.68	45.17	78.14	100.74
268435456	45.37	45.16	83.06	111.08
536870912	45.35	45.36	85.62	116.95
1073741824	45.41	45.45	87.01	120.01
2147483648	45.41	45.49	87.66	121.71
4294967296	45.41	45.49	88.5	122.61
8589934592	45.41	45.49	88.5	123.06
17179869184	45.41	45.49	88.5	123.3
gather
4	0	0	0	0
8	0	0	0	0
16	0	0	0	0
32	0	0	0	0
64	0	0	0	0
128	0	0	0	0
256	0	0	0	0
512	0.01	0.01	0.01	0
1024	0.02	0.02	0.01	0.01
2048	0.03	0.03	0.03	0.02
4096	0.07	0.07	0.06	0.04
8192	0.14	0.14	0.11	0.07
16384	0.27	0.27	0.22	0.14
32768	0.55	0.53	0.45	0.29
65536	1.08	1.08	0.88	0.56
131072	2.14	2.11	1.77	1.17
262144	3.88	4.27	3.53	2.32
524288	8.17	8.61	7.08	4.65
1048576	9.93	16.83	13.95	9.35
2097152	10.13	34.16	27.31	18.63
4194304	12.47	32.32	55.89	35.75
8388608	21.68	45.19	65.46	72.54
16777216	24.51	67.93	74.79	88.18
33554432	25.76	70.36	87.57	91.81
67108864	26.35	70.59	86.75	88.28
134217728	40.33	71.7	86.9	88.76
268435456	40.61	71.87	86.86	90.09
536870912	40.69	71.95	86.88	91.52
1073741824	40.76	72	    86.89	92.05
2147483648	40.76	72.07	86.9	92.3
4294967296	40.76	72.07	86.9	92.4
8589934592	40.76	72.07	86.9	92.51
17179869184	40.76	72.07	86.9	92.53
scatter
4	0	0	0	0
8	0	0	0	0
16	0	0	0	0
32	0	0	0	0
64	0	0	0	0
128	0	0	0	0
256	0	0	0	0
512	0.01	0.01	0.01	0
1024	0.01	0.01	0.01	0.01
2048	0.03	0.03	0.02	0.01
4096	0.06	0.06	0.05	0.03
8192	0.11	0.12	0.09	0.05
16384	0.23	0.24	0.19	0.1
32768	0.46	0.47	0.38	0.21
65536	0.91	0.95	0.76	0.42
131072	1.81	1.89	1.51	0.83
262144	3.78	3.78	3.03	1.67
524288	6.27	7.54	6.02	3.32
1048576	8.01	15.3	11.86	6.6
2097152	9.99	22.65	23.83	13.13
4194304	12.47	28.97	49.35	26.28
8388608	15.72	35.64	67.66	52.08
16777216	18.4	49.24	76.77	102.93
33554432	19.87	54.33	79.85	155.4
67108864	20.15	55.37	80.45	166.74
134217728	20.33	56.01	80.79	169.99
268435456	20.37	56.19	80.95	171.35
536870912	20.39	56.49	81.04	172.12
1073741824	20.4	56.38	81.09	172.56
2147483648	20.4	56.62	81.09	172.69
4294967296	20.4	56.62	81.1	172.79
8589934592	20.4	56.62	81.1	172.81
17179869184	20.4	56.62	81.1	172.86
sendrecv
4	0	0	0	0
8	0	0	0	0
16	0	0	0	0
32	0	0	0	0
64	0	0	0	0
128	0	0	0	0
256	0.01	0.01	0.01	0.01
512	0.01	0.02	0.02	0.01
1024	0.03	0.03	0.03	0.03
2048	0.06	0.06	0.06	0.05
4096	0.1	0.12	0.12	0.11
8192	0.23	0.24	0.24	0.21
16384	0.43	0.48	0.48	0.43
32768	0.82	0.96	0.97	0.85
65536	1.44	1.97	1.89	1.74
131072	2.35	3.26	3.58	3.29
262144	4.09	6.53	7.25	6.6
524288	6.57	11.89	13.34	10.65
1048576	9.43	19.7	19.81	16.95
2097152	11.85	28.05	26.03	28.91
4194304	13.37	21.51	36.79	35.45
8388608	14.61	26.09	41.82	43.47
16777216	15.66	29.83	41.37	45.91
33554432	16.59	31.82	42.58	46.71
67108864	17.19	33.57	43.48	44.23
134217728	17.57	34.32	41.99	39.37
268435456	17.79	34.61	38.33	38.34
536870912	17.77	34.73	36.65	37.05
1073741824	17.81	34.79	35.88	36.25
2147483648	17.81	34.83	35.43	36.41
4294967296	17.81	34.83	35.32	36.75
8589934592	17.81	34.83	35.32	36.69
17179869184	17.81	34.83	35.32	36.79
